accuracy: 0.9365853658536586
precision: 0.9385326514555469
recall: 0.9365853658536586
f1: 0.9364581762147224
cv_accuracy_mean: 0.9151219512195123
cv_accuracy_std: 0.010951192351533497
roc_auc: 0.9911428571428571
